{
 "cells": [
  {
   "cell_type": "markdown",
   "id": "336b3ae8-273a-444d-baaf-e77aea0f59e0",
   "metadata": {},
   "source": [
    "## Name: Sanyam Goel\n",
    "\n",
    "# Cosine Simalirities Utility"
   ]
  },
  {
   "cell_type": "markdown",
   "id": "b03c4138-6bed-4688-9bf3-76aa5198a9cf",
   "metadata": {},
   "source": [
    "### Assignment 4"
   ]
  },
  {
   "cell_type": "markdown",
   "id": "7362ce50-9741-447b-8b79-07ba735d8a87",
   "metadata": {},
   "source": [
    "This class calculates cosine similarities on a matrix by pair wise comparion of each row with the next row filling in each index. Since this is a utility class with no attributes, it has classmethods only \n",
    "\n",
    "* A matrix required is NxM where N<M\n",
    "  * In case N>M an exception is raised\n",
    "  * In case of a zero row an exception is raised\n",
    "*  The cosines is calculated as follows\n",
    "    1.    The dot product of each vector is calculated ( by calculating dot product of matrix with its transpose creating a nxn matrix\n",
    "    2.   The normnal of vector each vector is calculated by row wise multiplication of elements, summing them and finding the square root.\n",
    "    3.   To find norm of other matrix this 1xn generated array is reshaped into 1xn matrix\n",
    "    4.   The generated norm is transposed into nx1 matrix and multiplied with 1xn norm\n",
    "    5.   The two norm matrix are multiplis to form a nxn norm matrix\n",
    "  *   Divide the matrix of dot products by the matrix of norms this will craete cosine of each index or the cosine similarities matrix"
   ]
  },
  {
   "cell_type": "code",
   "execution_count": 12,
   "id": "075ae57d-2324-4d6b-80dc-17dc6281a609",
   "metadata": {},
   "outputs": [],
   "source": [
    "\"\"\" Module for cosine simlarities functionality \"\"\"\n",
    "from typing import NoReturn, Union\n",
    "import pdb\n",
    "import numpy as np\n",
    "import numpy.typing as npt\n",
    "\n",
    "\n",
    "class CosineSimaliratiesUtility:\n",
    "\n",
    "    \"\"\"\n",
    "    CosineSimaliratiesUtility This class calculates the\n",
    "    cosine similarites of a NxM matrix\n",
    "    It throws an exception in case N>M as required in the exercise\n",
    "    \"\"\"\n",
    "    def __init__(self):\n",
    "\n",
    "        \"\"\"\n",
    "        CosineSimaliratiesUtility constructor\n",
    "\n",
    "        arguments:\n",
    "\n",
    "        Due to doc string using 'pass' is cossidered redundant by pylint\n",
    "\n",
    "        \"\"\"\n",
    "\n",
    "    @classmethod\n",
    "    def calculate_cosine_similarities_matrix(cls,\n",
    "                                             matrix: npt.NDArray[np.float64]\n",
    "                                             ) -> Union[npt.NDArray[np.float64],\n",
    "                                                        NoReturn]:\n",
    "        \"\"\"\n",
    "        CosineSimaliratiesUtility calculate_cosine_similarities_matrix method\n",
    "\n",
    "            arguments:\n",
    "                matrix: NxM, of floats\n",
    "\n",
    "            return:\n",
    "                np.NDArray[np.float64]: A NxN matrix of cos similarities\n",
    "\n",
    "            Exceptions:\n",
    "                In case N>M an exception is thrown as it is required\n",
    "                in the exercise to calculate cos similarities of M>N\n",
    "\n",
    "        \"\"\"\n",
    "\n",
    "        total_rows, total_columns = matrix.shape\n",
    "\n",
    "        if cls.__is_dimension_mismatch__(matrix):\n",
    "\n",
    "            error = f\"\"\"Cannot find cosine similarites for a matrix size with\n",
    "            total rows= {total_rows} and total columns = {total_columns}\"\"\"\n",
    "\n",
    "            raise AssertionError(error)\n",
    "\n",
    "        if cls.__has_zero_row_in_matrix__(matrix):\n",
    "\n",
    "            raise AssertionError('Cannot find cosine similarites for a matrix with zero row')\n",
    "\n",
    "        # pdb.set_trace()\n",
    "\n",
    "        # Calculates the dividend\n",
    "        vector_dot_products = np.matmul(matrix,np.transpose(matrix))  \n",
    "        \n",
    "        matrix.dot(np.transpose(matrix))\n",
    "\n",
    "        # Calculate the square of each vector component\n",
    "        vector_square = np.multiply(matrix, matrix)\n",
    "\n",
    "        # Calculate the norm of each vector\n",
    "        vector_normals = np.sqrt(np.sum(vector_square, axis=1)).reshape((1,total_rows))\n",
    "\n",
    "        # Calculate the transpose of each norm\n",
    "        vector_normals_transposed = np.transpose(vector_normals)\n",
    "        \n",
    "        # Calculate norm matrix\n",
    "        norms_multiplication = np.dot(vector_normals_transposed, vector_normals)\n",
    "        \n",
    "        # Calculate cosine matrix by dividing dot product matrix by norm matrix\n",
    "        cosine_matrix = np.divide(vector_dot_products,norms_multiplication)\n",
    "\n",
    "        return cosine_matrix\n",
    "\n",
    "\n",
    "    @classmethod\n",
    "    def __has_zero_row_in_matrix__(cls, matrix: npt.NDArray[np.float64]) -> np.bool:\n",
    "\n",
    "        \"\"\"\n",
    "        CosineSimaliratiesUtility __has_zero_row_in_matrix__ method. This method ensures \n",
    "        in case there is a zero vector, we do not proceed with cosine similarites calculation \n",
    "        as this will case divide by zero exceptions\n",
    "\n",
    "        Logic:\n",
    "          Check if a row is zero by checking matrix is zero along axis 1 ( rows)\n",
    "          This generates an array of True and Flase  1xN.\n",
    "          Now if we multiply this with a transpose of the same matrix of True and Flase\n",
    "          i.e, Nx1, this will generate a 1x1 matrix and we can safely return the only element \n",
    "          at [0][0]\n",
    "\n",
    "        arguments:\n",
    "            matrix: npt.NDArray[np.float64]: matrix of float elements\n",
    "\n",
    "        return:\n",
    "            bool: The result if all elemts of a row are  Zero\n",
    "\n",
    "        \"\"\"\n",
    "\n",
    "        total_rows, _ = matrix.shape\n",
    "\n",
    "        has_zero_vector_matrix = np.any(matrix == 0 , axis = 1).reshape(1, total_rows)\n",
    "\n",
    "        return has_zero_vector_matrix.dot(np.transpose(has_zero_vector_matrix))[0][0]\n",
    "\n",
    "    @classmethod\n",
    "    def __is_dimension_mismatch__(cls, matrix: npt.NDArray[np.float64]) -> npt.bool:\n",
    "\n",
    "        \"\"\"\n",
    "        CosineSimaliratiesUtility __is_dimension_mismatch__ method\n",
    "        This method validates the dimensions of matrix,\n",
    "        if number of rows are less than equal to the number of columns or matrix is empty\n",
    "\n",
    "        arguments:\n",
    "             matrix: npt.NDArray[np.float64]: matrix of float elements\n",
    "\n",
    "        return:\n",
    "            bool: is dimension correct\n",
    "\n",
    "        \"\"\"\n",
    "\n",
    "        total_rows, total_columns = matrix.shape\n",
    "        \n",
    "        return total_rows > total_columns or total_rows == 0 or total_columns == 0\n"
   ]
  },
  {
   "cell_type": "markdown",
   "id": "f36a30ba-a2da-468a-8b6b-684d7841b856",
   "metadata": {},
   "source": [
    " ## Test case 1:\n",
    "    Random matrix of size 4x4"
   ]
  },
  {
   "cell_type": "code",
   "execution_count": 13,
   "id": "a31d857c-6205-4ca8-bab8-c1cd016c63af",
   "metadata": {
    "scrolled": true
   },
   "outputs": [
    {
     "name": "stdout",
     "output_type": "stream",
     "text": [
      "Selected Random float matrix:\n",
      " [[0.59872211 0.58414494 0.49875167 0.87909737]\n",
      " [0.34583103 0.38190994 0.11540994 0.50210126]\n",
      " [0.16205354 0.27749122 0.6682717  0.88202233]\n",
      " [0.25002814 0.06354962 0.97231945 0.31491535]]\n",
      "\n",
      "[[1.31196756 0.72861474 1.15230776 1.05410123]]\n",
      "[[1.31196756]\n",
      " [0.72861474]\n",
      " [1.15230776]\n",
      " [1.05410123]]\n",
      "[[1.72125888 0.9559189  1.5117904  1.38294662]\n",
      " [0.9559189  0.53087944 0.83958842 0.76803369]\n",
      " [1.5117904  0.83958842 1.32781317 1.21464903]\n",
      " [1.38294662 0.76803369 1.21464903 1.11112941]]\n",
      "Generated Cosine similarities matrix:\n",
      " [[1.         0.97194881 0.90475853 0.68593158]\n",
      " [0.97194881 1.         0.81231411 0.49616632]\n",
      " [0.90475853 0.81231411 1.         0.81150054]\n",
      " [0.68593158 0.49616632 0.81150054 1.        ]]\n",
      "\n"
     ]
    }
   ],
   "source": [
    "random_float_matrix = np.random.random_sample((4,4))\n",
    "\n",
    "print(f'Selected Random float matrix:\\n {random_float_matrix}\\n')\n",
    "\n",
    "try:\n",
    "    \n",
    "    calculated_cosine_similarities = CosineSimaliratiesUtility.calculate_cosine_similarities_matrix(random_float_matrix)\n",
    "    print(f'Generated Cosine similarities matrix:\\n {calculated_cosine_similarities}\\n')\n",
    "    \n",
    "except Exception as e:\n",
    "    \n",
    "    print(e)"
   ]
  },
  {
   "cell_type": "markdown",
   "id": "af335ac1-03cd-4274-bf2d-9958ee5da790",
   "metadata": {},
   "source": [
    " ## Test case 2:\n",
    "    Random matrix of size 5x6"
   ]
  },
  {
   "cell_type": "code",
   "execution_count": 4,
   "id": "985afa44-1eda-44aa-940e-840c1ae9ffac",
   "metadata": {
    "scrolled": true
   },
   "outputs": [
    {
     "name": "stdout",
     "output_type": "stream",
     "text": [
      "Selected Random float matrix:\n",
      " [[0.51088934 0.70873459 0.62708759 0.04164356 0.93353657 0.02740726]\n",
      " [0.18175527 0.10380747 0.1209641  0.59255214 0.86133299 0.71835553]\n",
      " [0.98452149 0.16225925 0.17000027 0.04173454 0.74190707 0.4117102 ]\n",
      " [0.9638774  0.28033588 0.96342727 0.48508329 0.16627018 0.6021068 ]\n",
      " [0.92894491 0.9223773  0.59044356 0.13805616 0.68468948 0.40426177]]\n",
      "\n",
      "Generated Cosine similarities matrix:\n",
      " [[1.         0.59276518 0.75953666 0.65212499 0.91787385]\n",
      " [0.59276518 1.         0.68909642 0.57291601 0.61017853]\n",
      " [0.75953666 0.68909642 1.         0.73278554 0.84747117]\n",
      " [0.65212499 0.57291601 0.73278554 1.         0.81438842]\n",
      " [0.91787385 0.61017853 0.84747117 0.81438842 1.        ]]\n",
      "\n"
     ]
    }
   ],
   "source": [
    "random_float_matrix = np.random.random_sample((5,6))\n",
    "print(f'Selected Random float matrix:\\n {random_float_matrix}\\n')\n",
    "\n",
    "try:\n",
    "    \n",
    "    calculated_cosine_similarities = CosineSimaliratiesUtility.calculate_cosine_similarities_matrix(random_float_matrix)\n",
    "    print(f'Generated Cosine similarities matrix:\\n {calculated_cosine_similarities}\\n')\n",
    "    \n",
    "except Exception as e:\n",
    "    \n",
    "    print(e)"
   ]
  },
  {
   "cell_type": "markdown",
   "id": "eb0445e9-2011-485a-8534-8f7f1954c104",
   "metadata": {},
   "source": [
    " ## Test case 3:\n",
    "    Zero row matrix"
   ]
  },
  {
   "cell_type": "code",
   "execution_count": 5,
   "id": "41a2838e-250b-4db9-bbbf-84c22207174f",
   "metadata": {},
   "outputs": [
    {
     "name": "stdout",
     "output_type": "stream",
     "text": [
      "Selected zero row float matrix:\n",
      " [[ 1.   2.   3. ]\n",
      " [ 0.   0.   0. ]\n",
      " [12.4  2.  56. ]]\n",
      "\n",
      "Cannot find cosine similarites for a matrix with zero row\n"
     ]
    }
   ],
   "source": [
    "random_float_matrix = np.array([[1.0,2.0,3.0],[0.,0.,0.],[12.4,2,56.0]])\n",
    "print(f'Selected zero row float matrix:\\n {random_float_matrix}\\n')\n",
    "\n",
    "try:\n",
    "    \n",
    "    calculated_cosine_similarities = CosineSimaliratiesUtility.calculate_cosine_similarities_matrix(random_float_matrix)\n",
    "    print(f'Generated Cosine similarities matrix:\\n {calculated_cosine_similarities}\\n')\n",
    "    \n",
    "except Exception as e:\n",
    "    \n",
    "    print(e)\n"
   ]
  },
  {
   "cell_type": "markdown",
   "id": "3c74654b-259c-474e-b333-1269b1ba6f52",
   "metadata": {},
   "source": [
    " ## Test case 4:\n",
    "    Empty matrix"
   ]
  },
  {
   "cell_type": "code",
   "execution_count": 6,
   "id": "a8837c00-09e5-4a66-88de-1a1905f0332f",
   "metadata": {},
   "outputs": [
    {
     "name": "stdout",
     "output_type": "stream",
     "text": [
      "Selected zero row float matrix:\n",
      " []\n",
      "\n",
      "Cannot find cosine similarites for a matrix size with\n",
      "            total rows= 2 and total columns = 0\n"
     ]
    }
   ],
   "source": [
    "random_float_matrix = np.array([[],[]])\n",
    "print(f'Selected zero row float matrix:\\n {random_float_matrix}\\n')\n",
    "\n",
    "try:\n",
    "    \n",
    "    calculated_cosine_similarities = CosineSimaliratiesUtility.calculate_cosine_similarities_matrix(random_float_matrix)\n",
    "    print(f'Generated Cosine similarities matrix:\\n {calculated_cosine_similarities}\\n')\n",
    "    \n",
    "except Exception as e:\n",
    "    \n",
    "    print(e)\n"
   ]
  },
  {
   "cell_type": "markdown",
   "id": "3fbaea15-7800-4db1-aa26-c478262afe99",
   "metadata": {},
   "source": [
    " ## Test case 5:\n",
    "    Random matrix 30x30"
   ]
  },
  {
   "cell_type": "code",
   "execution_count": 7,
   "id": "f48ffddc-7081-47e5-b033-1a439d75723b",
   "metadata": {},
   "outputs": [
    {
     "name": "stdout",
     "output_type": "stream",
     "text": [
      "Selected Random float matrix:\n",
      " [[0.98173664 0.50237822 0.70368094 0.73429138 0.30563703 0.40039019\n",
      "  0.91316524 0.28753351 0.02900422 0.98847664 0.40223562 0.10470016\n",
      "  0.98235422 0.66396948 0.39182847 0.98721589 0.03606201 0.24799339\n",
      "  0.61925138 0.70835523 0.32768156 0.61990446 0.03868438 0.8218846\n",
      "  0.80709955 0.33647549 0.26975545 0.89325505 0.18025483 0.51553537]\n",
      " [0.48294606 0.29472727 0.25851468 0.01395838 0.18394824 0.20573943\n",
      "  0.40919621 0.20827459 0.35469143 0.63271346 0.96887133 0.07482271\n",
      "  0.14178004 0.09712403 0.73743854 0.87512549 0.39412353 0.44702375\n",
      "  0.03073085 0.08063079 0.2810436  0.40503628 0.60304722 0.06334917\n",
      "  0.68412177 0.90335494 0.73010665 0.81567765 0.1635184  0.3056016 ]\n",
      " [0.9525617  0.86474351 0.10219931 0.61873199 0.17749266 0.52324657\n",
      "  0.90146807 0.45234617 0.82627227 0.14889554 0.80928373 0.14522999\n",
      "  0.98177366 0.43595015 0.0471982  0.89243288 0.47855366 0.75484367\n",
      "  0.05719173 0.74309435 0.16382404 0.73251476 0.66106108 0.72688615\n",
      "  0.10796913 0.00241182 0.91756613 0.10489522 0.90546627 0.0183288 ]\n",
      " [0.93321421 0.54105724 0.89640669 0.70387153 0.87209031 0.80967669\n",
      "  0.12318632 0.82514212 0.96067301 0.01195866 0.36580058 0.01912751\n",
      "  0.45765315 0.06889346 0.90294523 0.39377861 0.0403845  0.08246252\n",
      "  0.03891933 0.26463327 0.58876773 0.09370246 0.1213303  0.34652306\n",
      "  0.35508068 0.83893665 0.83605327 0.76460502 0.20063233 0.79406799]\n",
      " [0.58776895 0.24341558 0.85706056 0.63728827 0.64943143 0.27987862\n",
      "  0.52927998 0.4363736  0.28912698 0.0711501  0.54862786 0.62068855\n",
      "  0.08370459 0.42058818 0.06411138 0.96311675 0.36962636 0.12331658\n",
      "  0.29417124 0.56473758 0.70297184 0.0128838  0.40462863 0.00106593\n",
      "  0.97039856 0.03163967 0.28404639 0.37975193 0.96089804 0.20944608]\n",
      " [0.792205   0.27174705 0.41767452 0.66530921 0.24087721 0.11945812\n",
      "  0.21491738 0.68895012 0.06686535 0.61161227 0.50555228 0.69018562\n",
      "  0.21927786 0.93217213 0.86373172 0.68308573 0.7895864  0.48662031\n",
      "  0.20217843 0.3854837  0.33558244 0.54508831 0.51103962 0.34532474\n",
      "  0.1911025  0.32484363 0.10319172 0.278774   0.94950229 0.9323716 ]\n",
      " [0.49961561 0.53371185 0.5683031  0.20327151 0.15820946 0.94430418\n",
      "  0.23956283 0.34316294 0.89020422 0.26486634 0.21657615 0.45067995\n",
      "  0.00328081 0.54161322 0.72485022 0.43297145 0.09382166 0.96333427\n",
      "  0.9699149  0.18603516 0.23738168 0.62624875 0.4750936  0.6757131\n",
      "  0.72633112 0.61594652 0.53356944 0.34385951 0.16491455 0.70225205]\n",
      " [0.14192337 0.58030224 0.61352751 0.7201235  0.6329805  0.64376807\n",
      "  0.66052501 0.44059797 0.84386071 0.87195401 0.60166584 0.04647622\n",
      "  0.87038628 0.26931071 0.44620339 0.70506099 0.71395164 0.39344061\n",
      "  0.74283052 0.21212162 0.71297641 0.27143584 0.06139126 0.59995986\n",
      "  0.11738319 0.40253281 0.02205015 0.9400581  0.76254733 0.23830327]\n",
      " [0.56245314 0.31202913 0.54925072 0.04513008 0.83378604 0.79110273\n",
      "  0.44631498 0.53434296 0.40576552 0.60615238 0.26834788 0.4607834\n",
      "  0.06544493 0.89460701 0.57545688 0.58093931 0.31899819 0.80253835\n",
      "  0.76444707 0.56631554 0.5534726  0.70227518 0.79571784 0.33338341\n",
      "  0.31094615 0.75940662 0.75552641 0.92534889 0.81462554 0.63986373]\n",
      " [0.20564977 0.94315433 0.97453264 0.85470191 0.79604737 0.91168436\n",
      "  0.97341202 0.8488935  0.89443836 0.97041752 0.42878059 0.27408566\n",
      "  0.83838699 0.64472411 0.87235697 0.68869893 0.07101326 0.71878185\n",
      "  0.39320368 0.98156994 0.18643213 0.02307539 0.35202476 0.24548704\n",
      "  0.81151884 0.59537709 0.4068578  0.2676978  0.34469136 0.11336115]]\n",
      "\n",
      "Generated Cosine similarities matrix:\n",
      " [[1.         0.71721522 0.73810019 0.69467296 0.72706777 0.74208486\n",
      "  0.71911058 0.81350529 0.76160172 0.81358043]\n",
      " [0.71721522 1.         0.66062669 0.71649288 0.6583719  0.69868693\n",
      "  0.72351895 0.69853128 0.78739182 0.69806107]\n",
      " [0.73810019 0.66062669 1.         0.63282399 0.69286001 0.70426544\n",
      "  0.66848434 0.73503871 0.71050816 0.74546927]\n",
      " [0.69467296 0.71649288 0.63282399 1.         0.67770342 0.65839512\n",
      "  0.74986963 0.73766307 0.754495   0.77422724]\n",
      " [0.72706777 0.6583719  0.69286001 0.67770342 1.         0.75765908\n",
      "  0.63180792 0.72278287 0.7517337  0.74899662]\n",
      " [0.74208486 0.69868693 0.70426544 0.65839512 0.75765908 1.\n",
      "  0.71549166 0.72801093 0.82379302 0.6992678 ]\n",
      " [0.71911058 0.72351895 0.66848434 0.74986963 0.63180792 0.71549166\n",
      "  1.         0.71290069 0.868304   0.77224642]\n",
      " [0.81350529 0.69853128 0.73503871 0.73766307 0.72278287 0.72801093\n",
      "  0.71290069 1.         0.78475028 0.83039756]\n",
      " [0.76160172 0.78739182 0.71050816 0.754495   0.7517337  0.82379302\n",
      "  0.868304   0.78475028 1.         0.78056475]\n",
      " [0.81358043 0.69806107 0.74546927 0.77422724 0.74899662 0.6992678\n",
      "  0.77224642 0.83039756 0.78056475 1.        ]]\n",
      "\n"
     ]
    }
   ],
   "source": [
    "random_float_matrix = np.random.random_sample((10,30))\n",
    "print('Selected Random float matrix:\\n {matrix}\\n'.format(matrix=random_float_matrix))\n",
    "\n",
    "try:\n",
    "    \n",
    "    calculated_cosine_similarities = CosineSimaliratiesUtility.calculate_cosine_similarities_matrix(random_float_matrix)\n",
    "    print(f'Generated Cosine similarities matrix:\\n {calculated_cosine_similarities}\\n')\n",
    "    \n",
    "except Exception as e:\n",
    "    \n",
    "    print(e)"
   ]
  },
  {
   "cell_type": "code",
   "execution_count": null,
   "id": "d692a3dd-9ae9-45be-9807-e572bd43dcef",
   "metadata": {},
   "outputs": [],
   "source": []
  }
 ],
 "metadata": {
  "kernelspec": {
   "display_name": "Python 3 (ipykernel)",
   "language": "python",
   "name": "python3"
  },
  "language_info": {
   "codemirror_mode": {
    "name": "ipython",
    "version": 3
   },
   "file_extension": ".py",
   "mimetype": "text/x-python",
   "name": "python",
   "nbconvert_exporter": "python",
   "pygments_lexer": "ipython3",
   "version": "3.14.0"
  }
 },
 "nbformat": 4,
 "nbformat_minor": 5
}
